18753404384387312941405993494282529386619355714534052405072081564775271980695621044836114432528832829709931124376454455640340119004296627838261118530167798246510881720072839481585815497106578158123614821985686709965527384206343744777454444815807368826169377457899285707030787497002806303203022425500794640084
100
24472391968467694321790216325818743870205807390918785921673502676586042475037574562097161275733084613466494512356683687963061429447637213086968539715139459083774497842419988567255169274443952811858632307024373940613290619385587194921243753862934854015111351329996574334704531497891075625648705221167104228659 52956189144995259896219086971151260096667803884235099822357413499134730005618118211682943147134286177840238513983629840533214970090402111530956612175329438262017491681652327860998355886666898151395628901578038660732364891624166160306990595443702870931387241313832146490427507533344046742380908951822473675953 38417513215172186616751349131
49547945116394014419328164752228995688724113867774402590215117205678817217477394842421672792712764890157726953102190623270024244431169634188686906602667735010410086686602378005044966233141249946215263024239360345883224876742767353546262636908694385549854400245174257775392435917842643920239834584718508460260 67885066209951049938870934296232354241200747537842494233980055835290056294140522694118738349630937727223373631346060562875660932062437648319025374006942148483434356713650822558686680754742789609057422810609578447792699158532464716791810500215227510062981597263842377902801583627779743880935204978740947966509 66636247967771042587422747493
6014797341896104550095764549397561021125369612662099126657590227657906627414702400225521538280834234099291147665183827491123665861824797431976771602649522019834490245192988946247257152321138992556836585177467880153469607241329602515519766252425795066406694079037377764053529517059864655566334157912056978613 5576352574009797562958749227212691866493225127220401695104242904345855190823441496664365028266410827209806669305884669375578254242244467006606277002638655158775549060434650645579160695445681276835006267669527860358802297747277148953058352946040813178197358523087001300273421026341432776223976003640114452294 38265176393669475165411867953
43062998766307320428397095342315876081625854181878953514889756972652222121448107007992491260941163255458835781590624264087564513037283741102023458131970306707427705269863024039846367712815741165691780387137292104217626736400938385016999755045374625240572896342925294809673342228399870592482251763679197876373 10371997277415500856527490138913023090923374321189246747508746572639524437891321299276399527260825167375983433198439705348849623035330825367238726560550139035208231638925809008188111308352164590904024780113662117571391592620029555731282834515692387460795148663313405393187430387714114859082481210563084184592 48675911397229671752481233497
13186867344466737841781746593748441248953071690026627091995764049741681823959666762321119202200846543530435814998237831202667548013583581968044997361351863877494705991003946614984566462068445125714785341737386224640613976058495830770964768318028537395592486137446221188199431604878555249635730890719127266734 24981178693136514478785545009808262165822237653924426710964430734844508887082930136651870241071497395538073722722125884999272495181577209354808430265757134136726477246404632526342735715874645920831754483368672573101207548616344388649816137974238553937024761343029064120653090851628108419287452546424284351171 40811751498439052424473798077
1086510655577202146836512070399129149564144292132785297955708616283977827087046247475194251792128426034859516905294736738580037050074131872628433776917765040300385676136958120122792601919968200227420236626816972907556043774126649727128618075998692905554346364284964533472627794765632214684651840325211612583 56131931875520813205332208986840011567232629636008220421508270607070274662064531507310290651355507509835628202631344640832491664815228368975092968520914487598180213053768355386294155245518580105277796678778871451156182628759666612626332758086468649405303340413024705674058895176071720938684156298203442920042 60571077331044589949382818353
68352029468320969013655355453554219052694989708132973014677608685210537925986538808906094210917078478310052615766889321486217459080270221598442277724517164706880865474435501307413865545823768954985610735427075581236233878217917811324338970583360906356215256429707198457036993724082823566861859179601060556091 66685741804271494157263843720440986906220590126938172167602084721634215220775324605492737941689066622545897203391249941590812468951036685874886959259842103063745372154002294729730624016740225273625824533092525093315778380902416730806190635506761528096365993081049705379240695105778799985092632744446389034143 46016505395970226359176755913
23095630867903948209719070767373050826205462463461105804775059659686054231724216818400077294231207532200891508473792830813480830167137082131389233669023237354298704104473963871526383783237039334969834233009711829295311455974071235612896805345135448821635792768246922658027220366078512519475919700062083077024 11277614002468125615474057398839666476096971318190673922809653972785150735403307150127091008622480284209052296140992621388145164889652457323548374303097508858644552387028495945458677639381060576972255328688024725518251338626501755938986137366993619206398270979917168698157520940356594820065832320066399155443 5148727555167818707603096417
25290337394353045595521999570893787487053783271467639099754193850696036618216604931493310664347535158857694874888001511771365021422812444012447202261135303242081654177521793659357033292568614203092520581688874015354879941722198405127324637246275097921932687040079242898851735641990178142253659151380151258941 54667119614733549605931930795854363215742463734598479970313250895972410498141039282784364524237672198476400384376241619160739578840991623365683254035713761337783077361632619263903905453911470328861078334831131358895349188327306604065956470809710559933611714985978495084978371202677651342326863384619114863020 51282420607613105048002985891
29633199600091430175976350622561461429007565059375946222311905532991560850486724663632246627931081562874313430108858187053865346106309947549967190237599303574500462931532086374578926338078966905129062431938767310697366758746180722663624863619481879225276859645500891449363615113264381496151483403750301489109 12602498394147430085160557484454552606326350417252457711603214881490531274872625403557073565073420208591583952515172616742092244689262448302920130106635127844168046606482147131135352066315949173048753161097404140510542659167207290227514092835349908299545834628657621823125422362169785872957425282009402223395 1409095719248208531863193071
46518846492592329450791311104785871619619148813437892248120673205440424728908568694069420074329471248663349116630457953341171289899959379391681979840964141534172042834187354664626781684826451600047555255492494038784619453719419578779937740067446058667003912089848904990963005406111433696569242293550914196147 46227843623659280869888305893254971236831278866372817167840108993909338552684022016753573445417482987836142398316640425309954425399888954654470494159260979901032831207726122051898667771578142477784415917092317251916187164751646977096146783572746014602349173587338359788906421470474600277938629067447320245251 19405387136961418506663179981
2873488874295430225747097016082446760775558234354464161818050232847061228506122204415959634682779040824967413834787145493445941829486460167456745843781071406430984056848319451251663331366920834074968800644317846473500785680926015624468340952671613520517256143162058795477987010155083780398505769013260627221 4538029508146508065027457161312134100884217221281273476590339015694956352332997492720776549234188759125074376523596617875020152204796323139608256322297113139579236635604522064040473072058540056917479398391228447599120659877827863863105306106693392174325702613741558123244741327664134509681567504863068491111 44442521590091344761601025537
47322052924412464625727543535943937303072255001957101443526666100120777093385986837403176494339610297057476231555629296196691221178612036027270924065304977583867895045704451055839097547919966666906003187931014018911331631772507447521582396383778940465269737063826529629920692188451283236966045331193202408727 21299416051958983982185359387976159542023763416183904107487172806756816337282635125399067247397025426275066211229055087735509474347781017376799240927243627606296488441820455096849578523930155773190721563479585517030012650284901058028713916112767469257028844489972925416358753947387531941443350954764258931887 65554603329353315676061160933
2874343318166737629617657916696583740224604460657518612187066441057022580942077244804700626567952118943995390869627766145323515845508471111071979740814827232282563073281714082796029274889759048898801869033152789982775016022652879124054228294674377987024603434921221947259330962388262587811325014783782612674 15165856497607369108951287279917246537149905686565072735160005701151890641786562624332227300941342004543825490625560793550799438603945398792420120679891232090409098502957832178163888676092779504960965521034832915370327132460752315994045498818122578813287535919165051104940233779473747413350281034474095639839 30160547219715003983161214137
71818079653097484893240630677880354116916705330964780883958665484840357116935040712308343923839806453240042029057264036169841209052954875452262024835115679575084508721899545656244793140113407026410680336244725934091131123625820189014334303049591450470379645113966938571716020887764115427654066610632122933956 46994461401172587645799653672520633947298376673430252877960293702332450107111294391955972497152460350079621780707612293490084729588627252927071401983696620134915083118056257794095752688821554065843415683786211552230658869153714964171875352948074147619109708475595423712553496589681618740246180412474556573493 37705384554244472033667484547
55032477326651572706718892557593255160172060756168946761105936125271506521484914871942297733961539231388424905806718979441819687283114618522223906621387222886251886158377198554180463070669700507559629392537293285179538330293615500836473578945998777743272160965813645853511235337778112640347098496118944971433 61036035908641244337312460885243954968514501436041261904606250651399633371096691321713706946592202155618768638752238440496461334893619996252485697342406177246584422943023211425784850957015275356982028499639798823271830971914401610325910636017689698838028911499019222128689555956513133166651963657487709362589 18229267520274212996994572659
60183742492578797540679182058467448485967626647996462670236070707218874678788975423625730416116413113866491750405951287459583490044186495507536427288996338154519542975516974134125218942337937131991261175098723899753386154506719524428247765404567821358506763160292358827562274734667129703926874146636455109174 60029153915807700849887795944352796639129780884283215209395013443898758421750193211488134937435620739770684302149966457928529850147649276160942304905290653618436927975253517353911579432661230184819902310507669309643338776349379683330970820318973964486578539317885005280344340026021783369473271702673682949237 26280189103999513731727215233
59543099981322889357335080166869904624314580479953071016551619918854018304265960910418075606600614909279710794636955298959049563247866476434801469904923447280240559435344456645099544982517268489314464615494792926810023092251439111801019291323782211623811459858680881994388819586115414974357432331657293641975 61738134824172134048092178967801599527603259624274489571045533866681526184027685494411697257247067822762105702874086577759654752022982811149449529610788796739460713408602463144606980266236020892131582335607600014364577048870308144451121933529631086124320010405196438789376963227983092445854748077473378005078 41082527278998233465371294837
55876738206920981221357438692728625851257289937395964989152735342952113015051881098630362711583855373225155357871989151854023646456966286158474752577121452796528169274623736284993997210686156672075092526083266831871257471840623144457031208648511217685382959479643676144253350391799618072937611286503799871031 60319745881391204562247436094320262805919181654801440569742791166810175515316661329073322378018399909606420107783725868571027336064405338284163464855893391723126069698063206604579919871467928317936848071625068545639609832064760015438887192054946095705647385990040081141882350813050014381755451372998721729303 73000937034461879033171736139
7038970850559142166458301963261364607575450452565694965711674357937302416532985422185607884783905397930269021477233474893996965155320693139091222782074519655623899866388719249364898253296092523328431748084161042003124132050238035740084976185422282200226638715664689150720743404929412597780608445783387359521 41932891006122600041182760999140277783790713691847160939692014104537006140775236137046710365752291276793868258891540670648856807028401180416344816021098921992062197382663966065058581657083785596178899364460661893004166371999515079062391185154920411477201001190252596848083559003995365988963171210062798311847 23570430968271315817136381147
41850439171886527245586579555316701021596441422801055008167051236218642382594888097521964141360657741962948889904750380404808524355995254812207623108529563533312947051491543166168963897377322046926346429453356609629470668561285431360315019850765218086386521176787866342668802145079918519047132791753594316680 44492733863711062760199637853687717837226477672361359334556537976721905245370641260901003193810304193967526693283569684653840025389609160755149184456331679494124925122514461275592718820518473294712548850704418211321953438582290278465735733054531564738670557326806062638331753516931072073936878144924712633048 2824245889329021381115067461
13207333602686797221314829056642549743691388509239224861482417558204101935799292315589422937494860457412600870037462605001567547516936131444112440900361499260336496780346835283512854517695060155754502214457918423800248521545706695778091074695863974264388992748402919712394666993841638082881183001400710532085 49115419649930654703650359927140231739205209780782371632012438879330696516544574441223085267052162698441845180044620553786610179552402297690746463279035032263020230347779491778506121093465016475123689617749055662078514265810674325683532534912867867677588888912693285333381474306978747948400697554443641014817 33014844685944025163637560909
58145283271723864662899186074988573437208615707076392369841822158518252756133488161178613605693745302824764875642722670003332067377103004666134854994640952637497299540639340191362762468515643820820038729395781787332556072416997172529461082357500208721858011109809808840218924468548381758146939892524694861908 12437111362577931108155757348055405223036417612320576927266948289348354916191330578156950196148610676712849356585733839536940337756718042164642737878917699813981276658202591803568547315131154254289790850856597593827098496359766465555948672954184570575352463975159313828805002948343206250214213020465542605251 50502979654588178163207605911
11641648823619116867876162843572499093121181665970475796607855019332696808643071486393195350028638234497697945713729623270199866521777670897703731589502238327561228437049761639896257831910500263897354532225495362807394641881538375262564410950273140151153998216406175586940007582568441500059850569929946248327 66569633634980000882213315966542236506051219279705279284498897624110073775429236499199874521309029317252411842614767976021692824286132200852464771258350722403340874657239692814617228209016379092420295016879373119694904743609319193030303496845041962729412614236817860994083882750334036621593793217906390035440 22932705886050434937135350099
3179574763519624903198227232924305083554562773699365968698281369017580987585189008962619900832951916537011737004615862296896386659685317354124755113016159378887940341007836260315756879066403648137014690224898334559373097741858289504465729409187429001861727714620222790699626236823021132410847259696657067454 27146958311295983081833176980614964811966905112490349334030915650521655504111284282096244342879297551884932627682017747921843684853585013644228159890042072090074622199409116011606289738721214737692636678718652326977585157349469316344308350904966198722724262628833241698184737103284685348788268413794064441565 61740148230971515691994013379
15685953109799397377390301805753936439881809432439423138528829650062888710750597704075298960789253989200276203398637765939779050297690938234268050319017997422453224609792871845504090632881680115391132796399825583492515607722735916900151259148375823338898059058339526717818433436802528129427514399142185752148 25210146967774493715207062488020113352970756834924611873770517559617614792149929365278073819772568571000387063646321514544144645253568919253517435799301498852749888818156283803449998118734768262685717081971923266360272822129873496976728869991806242784970262686491913183819842777177948031480737651205553084945 8354273396779143370910415221
9390301747180179370588293609981740622117223294360345394266093331457746081655274710141824868463851043971905477305239718802607598612839199876851450926460719466037980431309752071563196524345095012336670814577053591507421859212913380766708628911645747272726389388939662329257109145650369006093180619112488522165 5233607902170494373699647450792800682992939197454508250551515723797553815033095996439446177331285148419843552344310347043640072085982803064548023037192180631893885741831392810691590908867063759430958075483355838382868472377470128718618866378085040143226671236213229894309512742958044851453186798518723462385 8554626162365922937962176011
24224166251680661349645960019483266822565541711753824088806928706064330057223158991473102715336065568473944802190204509986232271964838347617652903256440422637529776881618809486329614450043566967840738332195655462586186556777347160154448564145904112939949425855988873853254996856597661893889905974444167889691 42498757882594428236155086694203166384500211402430565556208221638411881342892447537867197286423331986267525060926455982817247853526625325154928163944787150813004766952498482314862777920461793952633825777586729815658163033986080269573978984717561304228664292345887172478305031756194804128451955474422866926762 574892641851276516728301751
53666545794368962207563649352775769636249521216064211226330822404571673250894785078842071570594718496342677363180702565237397108797729613299122959131021021282915239999205683149581034404289327031091126686793258864147179584128114996535782416007051016360294581586885710976688599116831373044212814344697420368952 21511583766741492999997993024753905735924722580654420497921894401252893642151007811564502609312297622444899024413357369916980416988780119702189331728473611505505939557860181739669068288680237939269783476079295712030444709849354156007666014709791902419812586179758806962258438278689630433562582171175992853106 62927530634416737252122254253
5505519862018054541836214506730527351840621119580586524476543794203325950897347323807855311350602730559074485013840133680233438853971206890783610100654488616002651193192212738164838628482470227511227732401330565994634235453462709290610294795122805791330609111922606144967360772959733447833325150812043112122 66750352418192896768471859072716849945580884064538872604080024752640455452907906805178132020220015902668941953692066916280212921138875692745422865341207680625930500722037505653127763658711973074239888041394187397270377566466489611092006404083597815655072586635269027555440048859565474949202558160905164545824 75810104707529959287006947641
52143829221864129677385956264169451128118717203963498446258032210411032073541470241410562111202362863579746133098824379958929828941825340751524717468823689239422134622388960477181226512284471906331405274968966010391358333740879241344989595426509281144593722158241274793781546651891198231475841185785839143483 56404710418877203313229128917940426960997116615002477198733790744183310214472018556700270184119477914578092676071270615727842570628984692580141469161397151396171782432790736161360167850376747478072499987670269810101187851653513505893658937692376046907097706240066328350471642189976128894080562735815789929018 73912114686837469307040496211
27166432807078772628925350713271044200695848503993029786568816859520803475975274288705202404629204073878936625612129736448929268965230375757764029473830755334788842154798622347431715488720501992366107059396762495255108864595724328426915333919798136126794049432995833688608943408498640413265109279980678192033 29316972372485681948796512124176478942065659467954218974720337925951929355180695330775484785108403614545646395379912429882314479122745345326560091490710185321161138957478896503175785429284949275254943153921238521074215166912734592188155886136976008882010685444074973525151189750015637698933621109249582711633 73716023998906551406584438269
38143624685065450063814987682182951311479250397195231247271195711302926110002189509128768972934418350044084670563798191671025371920540811839447812740736086427192758000643922528736672270650498331021260102923494087362117305837539347875771744854729842112143558564052311771059443302556803537777898090674257501551 37986732675009220319108185653281731832055761009559750860281967194061774643238882814948271495363787404645287853515962052303667503894463459162282065556712849692765976359561657618151754881958560307685269277264760781705620885210225144240270327245419891977029294192957262091934577538702617659771772934063597394674 78500117109378337010228471921
16112141137614167204476155456993734489100076932036052717549882338342492327571857439645690547325644827723723733851300399473082424529300880494413183986489148507541727629788541305773667344219094529976247188514269500793144021947174253204464931097085939973429285123792429575797321330729414019711021292180095311916 9293471529881401237240951851510754006231861344794516145251092244043051052419790096857895773662091477147667359675678389550294975734918132676882432101992291870522317387550304011958957885104867995003869489880605201740093890852132274180584116824367443128404207110289008408710883171484596647636084693954299427618 11885902615039241336330874493
67260020377969157773948839659712304519287948646520853067442951811952538920567347071468293805204891981490015042761730252754970447087708225705293291532408251293774001172683538929861060443336572258001739756944848286474516349050491080220012128169123753368170115625617320453761004004027355564692223310681279365363 29806814941296533392963154086997142966356078102141157800294384642318561386356312859210631988455348427088273359838445485494387828433801751527040452254755775927288961903071861571243392714840366969070850172631653398751040483850358876431537720269787003064577906378221497684622335192421769887051565513402937620292 41171863717508633221472175301
53857547502401098977170946284940330485543195006232198068749441449199558049495554081832080828070082619928327577940198277916264256336982148569644043827255609053609142904109175940731534257730329059328191026073108215874818500918587178500844563967681305648683013947861726371510058349057605996982451305612725622113 65042163798875952098939585086724002272064245680190404236402654123307580722837144773110058390759452897756957638340827103545007067058245448598339036660935469812198815117497677778086964410500049308838438015972917092146788459915454911494023775884381369461644555887035251826075445934006316273860822421056289684889 69345279458130884255095414027
51203602445938426589732614383098733118182462137322157437656731266178088949175490832471860379355940922882208082125413765400091360826647581380503061640795787093010647785084303782942195339751645774115494843562962447019508076634635001515052819785474974250372383136828168741671821449108204126805130992768917524314 18031490330640753747834771353667346383243092964489073488081962135353245365942517045500873046130902041136219074514398272641519987298696208283877782684039600579974625583150990730267060561765469604591172084955746904562287861809134158286696324640552646177428314243711047054314102699874705790513678686462538159631 55832399901652622193364488983
39668297657561202615109022935586400104077166853510556774862435134301751538719751516559443687785408669118776734770775918257847126251484725993084357232511042177219843527667779025219908956950956159413537113408425332210080901516100222110364049452095334910791999351151149760308237980201741050086532567362172016961 35057183530165561182479584723357249422391198304787540847193226760748203800471613373354315570166145135464405025536716466156784372956031037680619404714085790319530612269163402484317642940361211945982125938116270841124057896525024200449356657138891135871143079254709473445962198796166841515167661924966844991638 27549412909684492581233497247
74579862351599566327409920864447134843212833917154089089408912975763380571717956027138272842176464327198368902172161973597767907779075493471137646475102613025952929208284566209785666425599668787670377525574818898869379145250242391821221860555853942677483376185308298701048201452454618503979685215092254712556 14605342347774407064691988515255313436749484634384967337795129775002835207903988193238156282992396019339143921144409780777825204428784066650645594587709510067097077067829169165274658136064711033907685828036374495998263417965082751187023606941978413052765346720675199321326687835918118541663179873065167265022 37308619904945035208954728253
25443050874980742520666618717758556496758688900636940868491230338199360005137727079704378056007833146643967454173088319651822058372234625421663589284793387318079352239888090159510869398235856986860861308499265568954613428139399471835452914851594433434148338841269271543141145418946066599773207463589658213025 12264100341774195503727082693983800761122497334657077222305885017924751827175628372111823448935721906367340273755598746040977528995008886663269387044188160596756917743504641687954347748228581005062162575251657390893338005692555218772694366547339963288842380031974437302981169329967040883032318675591131896346 32280203595127667070770800973
16944235352986401798018824399954038089460972589511281714259846611493341010384236740014111307844422954416464020111889267539108617882698682063455303261342558785151357318460718109941027834960062794930602424163151883285915009901742854250813186502549395845309407200405476145631328951637887807230988033766054400566 70871016879136637572310501721335933754936696322032568221685969829858849248173109931241550821258551704386849220836268181733725253385371333203487129339384180967739786953974022532058784588688952591907682583150031213513468595896595764418256343560602507269757049590066611803541068083626238087086867335018853943437 41019461627250793134271962959
40996493451914603387910670755777668761205423557592567803544187125625698844774692757353067790717933526972697441476173074088910789606088442968557268158150322894246265660502185144195977075308447750996859611862997572940178093862120849237581029327746855471654431738898391762179162299823400686547934887129193918151 3233697965148170222462771038815181402867778398561048838781015325458816198725177745128035909790836385405545358323107475907593149095774159881250277456302037239518900414593125792277235739339667661804225703620197724602934337576741191565401962380985520736870297990457016758026901128029333217843293926272845034199 54434431258435703322534486629
75077918420731592933647549281960355504174665584589167222546883764401578436543847132511195028693785999175157924495237701957656890499872526705602489468067207536661432592876450884166602746513246671756865028401090809070525813644835914318570155026387401779086613436088171276785238936815766056931264153706552512913 55123959187272523124279137618139632297014325147914904010669214233739375325211394934620625377323542224464648827510172131599370977207077262113248091741057179094893969184551173603298747373135254284288051710505959162982219187648950907343935276742999154210352552585604014655130968546110244346199094450227340702570 4958014417429760830646143117
31388087721070930607557007487294730610700223135750781349583462276778165988481374774975419821017390184445896179337228560677005014111471293259293391708771643976487273866490759741014398490203234384612016002111742050271333566664770175120468735477692439713563206896169450250136411149723830558781186020422456141245 72938405309087843428968398921484399211347095544883420514691421567086117704519161467697863110477703128740403272777262030883220352201619853864986116287077564293608582284909641874557070955929876483148427230096986929808437279496179563418345789233178159083504523804495245415062456974566978870343870497598665016925 56502333783997196340270104239
28949034543699258155238507513755215259239665206450946775863564735181180740439676208666065154361612968674163395686881207853296407252247703161343340181056027566395785614010153460950098288141831757923478280433290561045240142747088602324127306431819223378866089571285968870967963852517104296788820527095744696217 644068604273777380704780251624138935704526605458944740843480429705095612173866829610021412227751999430956445794430922276324068335087348834459153415830001500211265068020708939350440645471730902051031311812418519498629373699581661565117169305673868604079673139712608219935271609845767835297215476739761885965 1572085899443836719323769749
38566515698706684721559960935592437559393177555062207985446817249688030669367487388151470494449336848070113502848169652283188598363178048661630462826069950511509524074466445228790801765207489730634800324455218886290338999106580092360572356817127479921440273827663003234532643682038885978178345634274310676306 42745057256678350793129533213894296105263866801160478004716004990798338673505298115266994017607025887132200716302167232509568408474790990396834548427526976317600836828225432648817813033278370354498318930395946889763201878963228385864675604402871769394879857890094548384773267345908535241526866759902081209301 20798568597505753638213206111
63796913176114473960948292774791914499057800607434015329933011748048549965187374896149926643193241248623227186418274600044152756037116338422638635398909416175056212885527898613192556409696327745448534994545183610441973435109721538983042074248110918229799465045799431946747593890074009625436599976858675099831 75360407269379226248867252515704382331511890845074710475364835734486912934247700171079559905268404269455507592693486411242452496442342882935520850727600957705589201936043995322477386499997122574872355863994106666311872551596702229494845556331938408527805217104722325192981848216864164460207592300382113996904 18607995883273959238732866961
36169611786337704072084952697656759417536758678591984582245098140711576031363066599677935975536289226696070407002700372064038639703417213886157664338150196771117009775168603538803910053935392784103805373780918481413394024861096455295107865169596779672300975766511923070682323225589927913720448988161520689927 54904083509082008549993685931902179565443424568563532834857413776703819168088912178989366136909661787741403579301645845684868932688358120097758799002306912144362570892937939446975807973534217076016982711266679132711591076278677815358670721044780082765647261903029596962949599960906447550797857812608738554770 75047012168340786323512778179
41060193713105662655414639600133227582397544445207822467402189513047074430556494716066999854555880496935505460471694364809192338184462785321380510038147168071935834017728034568342374603764915738807969931997381709323297368343595128664302255359178356765818213444067532741228566950852486941375409768106630320467 59032453003689444916764447829045214265800564629716257834057438662225091832694239132588842375633358452901844580879680761980664777860696509248550902577597051292941506583948523586711596812083898450535798820559011214563259325159853479356788554529175241317127053188286701118485835808181011518019395431535473316562 66322330035967308030212446513
22824110513222882341463126888181584105574641770550234920303970287698573829454543928296992018125854889294256617515596173324675606974602841454139167444214795964022381176260634569175481823240543365416778152025118520698604437920836299133021000556560726902373326475597918261569682921210975200305112922568458378562 31416503584534332578283545082844645166118659232205384150916382379768252083869070668679731641708399322064271447608706939048596153484586966290697850834953199604633970402526646257271751804851393477705936276923739351336142279704240460099264791743655773747928912552926892496003957958897512032579515017392822691791 75952411103602599863091462841
55270223467693978708719576014849713824486155577451683488827968628347150897493499382936867836883073442483472165327873830626315309038231437039970991608101430561845824850590069524662837691590094116364742218519254840875005975827429119639271007938781413371810701604714061745629363278842983806747155243508000847668 2446162160923204905596325061915466476487439792618030750678284094588322270945177319469720925594422460095570208753502396790045070998531632249256022886754253890065567927754586839358560401166011763506870005421539173326651922480783331790129149984453129334940328608222536168712561573768108901736468173369798363608 48586884924667693973456746129
45753280205631077253674859297176458032565963548161640857515179936643646037841241641870917751416839159519898560374361212059122508631799656247704326526702461179980795515063643606065289172940913911617970727144365213483303606278142105675283076544834588172502378433557279511218300298047317287561410202275450529314 26935264029806736709480584153195498585170281431713546311823356439227448127568925906486193383911563538039194614382224342649896036690367598573079185723175088943119483860791337265470073224204736832021665447454373649345262033651739241961865990948058086293864496552846563450942259265576552529363172392329742698837 16970083772371790365334758871
39626739513163957980207756935595583524391089556430092362971651845872770000469690280895474585914682386245727675579529641518176647255555137042261771536547572177331127461344395614980305368786010971644612477174158109537763304358378902861614436801856646890366667572227980623999084096690902600574651252106867602481 59558050078110058137176982281866393499764675495446751703416961615413271891687615127308808818411004311077467556108799458935454290330962637765728847448775184446634668159469446372299433630115876797854584169478269635376910827327182004400932021190341338480838452990543497803455903274277489548267410981922798564885 44617089250815829461559547411
21629012033686465569482098968689777595810706820565506533967748051903986760364590024837640722903514700816275240605211845572215142168133867559329476109370982448073082550674595232730259540567816897296570538022825849568163566638879251917517032899393642698455990870576041921638409290942527975526230308436499781508 8982061274658940850893790792657224456573757795009850468682601184531388654105468850555738916945616025593388440417313826684463237108331052521633717636632319841072452175207201625840032458135919579331627355536985197569724721240437038887873711046837904300741624880425299381515592110895491954183177759558438921040 43031655154415595246861985349
21394576882033645393804356521643981106752877857072463378821182900371337857003390586887284924464990911541246643941409321860834039514470318202430590380024352826778972926327638336662938463358545807431548133324727430935200301717232528677393321831032090052776618534641319986982855055862725449128612628286726418613 6019492250924761379944723300145661134708657199318820416412254167670301328778811455238210117646237585252149226451498898836644659111605948384779561108553003622230616533108712782447288616352808688382698017353748497916660864892959076677972103117036664144280072065206073129119914492593998976701394625703130650801 63352602287996291671673604041
48077455417439433405180779180020066405120750416326369176659258495276243552498932996593772270314822837103044023095266664137395642156374203302098928799951378570530448295853235816358063395478032890085644979754274565177074950536291876625377339937355902410466389790189715526792659383400161443661254568150525774553 12733232090723724591580010512760148289178545005590215668250398062431889585421901868979552224224872174207645607202722387486085586469879535725626373180244264491537355939690935567023992660627737335019471179742446259349769710330488356616307345078441615060775491842760040657758630821678457287987643198693442268142 50876085533163976627543618297
3804505559527955167743811730367271098049044489466634403284842130964384814740957392323614910593645783258439137598600777146977167171916853974991201717167225040047488470419333233115244532720693670025908870576601627145793284713963146760632025628309345556643941133060017893770834922201296572481483598939517623513 37269129508460388451286607433950896597940032948998491152437140351990955606539591902309283317896550841156264393852651893178576426283425874486209001479984495946576110009154899512224846826917928237262092138683682886552871184479188529732832969153691000134158580055445320587368456341701890092000292350254065946611 9280745167282868037896257129
37273179743857041054606353482287600078110004643433601933219033459969009071268918808893809800737052214818818942057080182155339772115800424851454671830291812589086968461304789910654844149814998463663363915273993508345990635705170743584053948939362100541650075941356696443650883808804742958816249140856735603049 29778712268350325031895802227036480487931175814637391614705025637047639252259534700140609161593242729487478875007903168699621898386846560293957212929378742320408855557069502879620175816897616647853041523007703024129298549328034750436060371285798987678214995994049694787079821516288792041327368367291868521912 27902912073788897494642873973
21721015853360857472827352415909848011068219502871541121710963539899301692632412704122669103868728154308557080064671433401041694157841900160470633574442588448757097073178948658861849853335249824626347898199042752808977738825052244618076522330536091305953276850185816886163653194473944185252148071873876351055 22752343783597230522827379046770490374999871479272622485804601040211851807438186699111771876600564569560835825302082913644432296140019795283954734611323775305352985101986590157398573787111625206740819458319083925741231931132008741747045281519471952035730709598632384988653435007091912795354129931846944961402 47750284044390998359154374031
2653587051133894415410404919645003435517547038635192306821405593471662233863842846296733272212371142294300855831641182131030005501220212470428720761646604875423017239674539175458414483418562680589972823862140726571498381436819963030377477616229763519363213885119855445704918669521797511590230162599416706539 26661033727131470069641373117472683610887036393628112500287441335789532675926281001415560787432066305902346120260956096521072045478990683058602870310424434636345598982016898492657697569348633104669265064574278228057993913137432182891500693538663801513338034572100467144215310468278950402280697593462051955389 11569416469297188819644189227
46570812183084643053396463698116099862778695179696083390301751088302589537749045115226549176352666487661661940373711103866344382763606178172757538814035527204892253355643258030525614314594664309412460219770022445480493942902275377478035041745457660955647858264358310181931763244844262957569585009413604181071 22414682795430014553446702807254378774153725685058625934106385410402836986166067294467169243071558934826502715328639663572817746412622365261647651718269937495267293995989322575840446786748944408724782853849984278036077987595199493760513595979536747705807859688804306689703016965873747222295027654304903875558 72877965935478761638904456521
14803920091169664106641053975127380958401310205449143378173375611017885552703900282069931315142987922180362101724605826749055922401366023689967570872727932826872224533899017340745701235215730156883745049252306261347725156888107109088942917011919525981251393069919007966660275359980429548344750807088045778738 32218286114874534907528748868341838813600507848733340871121263039490354168248779643646556255908971827880410802734650492223054634678310350350697199366621151860915866981072163561228097895332397497845644919111697627994133399199272180589502456419158389462833685858393426916813156142983019824403091138973095868280 60859120522948605212482821121
66115065732449473009229063558862428604352298791690865318482058063805390240047005471700545385704774522398450134715780332123367675914738664542925809274832240818917589284293979577293368873968219988017726857208179316948022013179412204305553824385311347712016874943668131934956475327025138091292218263983803083070 40477575547004782284216609245793458318322478870331629752321880698297084885477182586437177420601723846059819472787375463473437092304317197271177497934761146926253509285788968074597190069351993250078437080001802414788901078386877153836556391533754732999696519025813361913546103937051023921223673284216359754342 20947183025207175584970915853
50134989721642217271690359332600264145630683253932399064796032419184338317910279226851723101223298920175966055141031676808363019623974561592454387686327415400120946659647974367058746699923716424135253862214394340105001299360704352247156043526023401073268754389045986052063821850208849180186078920265210303050 48098306632427193803462241423114024903957782014715113977972869116658238779092417427396525858061917594695330816107883047278678596462663606558965164889104145504070614663173803093476879160664982836698100813795550972505273547116931711571353430088490778893830287268724341733957337971224671541812902714855435989444 1949619092645247054321608027
72283676952613586725227039290841633309072123222010633711497645064103891145305304465768380311908781659712578434350452861336016106655584658347689932809071911770873190095827944513404861153405767563444218195116189281472104419679184180669596830168450413656202487380826396864361712268691348436630610920505978905600 38270464187698831437332458949533181097391724702842862863057915566091013505586799845339677379337268414993808529115197933226515119012195406177149372468708170821842703679699852879724591973896898821611618937208723909741707957622243996886155519052350719853596582534212404768263756444030560404110760148810829349337 29500821370554839009663190733
10948060315173330571611838181640537564392194012430137175202901716799224798069028116742214411879455133135201721440478029376897361495688342495005733388276832185699957939722405790282860360785972738610637919813153494771795600055153174897494413117828707969181869718229698066164365074484244120948504150133837967628 62737691887520669172504986604613735487233570258998294560834872568404615310151000227897917821427161610250606944466879716354552594864203202000155520341596811290224727829609349026326356546692627466769183696175167732794972307171820633323714524266335615958457174254591087445020411490946368219684851061863880245217 46934917803254650352399685419
21512033009249865161692583683661238540161282667108713376308658380815445408331243309946534039188562757627368459994968733132659999248845618000945412196228826218439413405723872565268773373333454385608616446442614586567723067548916709236784026284183196503757480629016387943193404758837087772081068946685905547593 44386794095959185685201785392284544206240076727672270201480432601051597701953805783809328077358044734158223140491715715981746628324785122002378236776740102447237245760651110031966603556168744888812181581020436207704027429602922832197157623419449012408823951821843386329673128237914333638875813014741318707540 41325619916386684691118962581
45498154759195292893440697947511140270258555344730630441379014706491437068691637935538637418200923816345601844803596108856155288789832513468327121494011365996125953165873965449622646598076026218760237962491518872654589656704086336027654643492315842901616698251558993277548464361085959031242738359084959900349 42191752955057018000604160935542374168325534607381838289939954820185553992462690326435610178129555589865553000086398821716313674069256214921278648388791752771201362977643883017330603310469459011844275899018501054264854704650733085265312605520390952281258558381826252236318145638232887455715698843674362358375 74821299062847471947536184099
53701371151151187152262792586173062049818234556299103142840861119720032820088226887356388774470731251473929688427234978498524142156641965846736928247752350429523649337390646324943547657113092124057170475743349300294134545234819558328084332340047477270014868439145914498454126089158219201422298156465953237824 49636915198386747218571671351238156917001020737167111941947175990365560216884294887585784640894377804637813508050727187859245366878894258282336319420050473288244814457481348085916933736504564688905924177569576832901717093226901705429058665606539852671825027095540673664052763931589890771691956650865267954536 70290181152670553627356626401
48746357243011961730590358801005392749400161996607283025438491367852924949481440880759053094587945639662975423921766744575344390356511199029852701523578919746319582252696702498519365154002587079233990950606861837044306038403339531313623432683597114420390055986700776739645344450664066193587843819251072413028 14517630735373880987054266138296639399847090291098349708526440448394365066144534984805656173007050774610823093912037562188440467023865517147223032349988710261140276321300321374900727288832521437340291998407095808788569387394701198170240514940368007961701089257114861770697796138146923129934712262089802492212 12390167588935810959230047469
22332638030422354307494362417966585579743917756936405167343340547025565533230177722345501596619072274727760290589926393313127985973114777515783383060813274669134666175080461787401422905823580430955788974246224353508573601654586071778529455170840454455568295153825128002858936767055712653378823904787765140805 48836628632894965247084710775246476273124157693632420979271582430345511030427648169052267558291234851400527855872351858970761024204063295587238302736778048156226264212811721055431433695854759696938677959649024822126327823968702785617986813465840748638196920022415245112247386351283783852448711971981852634468 42605801172006772145545948883
9301530216012446352088933549102697170913005432388201571838678540661856904008742550912880922953657290813941396536487467354254784561599677993485556205459462517172502533290470428024011778938950554818447641274407971355080244317277724348128863793340732493244631039443430840478755031878514172598830727241756994380 60781921743748148237978205247533545440707492266595472705863345600189311950657367033817736008806610481366706860452375336338563828736956309062679510587744068911577195272066460455929467100219991961051016104128084529149325864886848774428088429775209556117392213917690943415721154053158720568808721810883797556636 39632969664531262862042038471
60090478782073630110617354438100328206428503612922332195489348461917250331301408990327002006089485477858471492805161231615109103704897258646657519582513528544864111043192049987866109499924154270685263937334955779677181666028200022362542537540652172739236944567524076245491575408105492751950482047430744465479 30299091036337534339841172402084212321231318108920626399155021872731707742489864491402946594616685357813699210261955663583767469493374036294759274358456628877346169245761435893591129748729496905771807966825058622416258880081108777232140378477279498443621000667326559412617425624566968503304527648153790823197 45136676407405766055929578933
55789312127127821631295500559478170322240439114753387305113052783316573550659236771272879035098425820084634763658793249815658973554268269459983892358470895673059793647194497920956660706117152144101825232934032732320020434405366443386354841999603762415695371669099769004897584284490953267506484663611373542404 14538315749145186656748512899626393573219947918525245286803015576499920617095696064400865595099175164186336312823830083384675111227760866092891191330570695899798270705969811919494264782733605760613980907678544011083783956477001069288638087643096482504692479077572837809069931451297645021751642221417732687186 28285295048215936761321680029
16193642506589340564063302564479120284898418239126772848027675254197209025707028890381468103586283440435990470674790347377075741956735991897407021837102664943878944294000744335225755415765951699194609750411516838767955924196165462058664798129727996908339467305610200397027725349970396258835367710566116529138 28822325738274606963565043348931218190888865664627430464172424854038734062983143570901283716638635479990469731799046314459748536802775751645427459240889087220370050796291208323135710080302241789197571616018877065091296054124444342964750558787136785167262226493697091125606905754346652489999151219488388621545 45677894574099068305908236429
44627699088523458309302643674141081280080651535231991277250495588624875519395657965644580154380614882207227849761468817746023964856260024015960513323451251033899449463523765721007867804860348595141820124105861463870770561365949718690504921446581201842539405947053596057158217663459327363220486397701025393328 26920490824658799434823476648535104917597929413521166895502322215786406253521919204673627362402537321527396022278417263585734168970748001253930055910564351829636216682233990667066720716374669638768529394107992321520409898167602586742562826746950772255518388925311401450306965338737438058777865543618170855876 77622472360102089690673153043
34379202555477656999052109012884873610405721383297122826567795661966076346642435363406845818329277302970787373474708929663490054346480845955048465996108303304740016729171678355932046068158635697631471830617416312981767536627727099643306747613695500927825765771508097296608373221669386956316468733248628234559 10862042962085316646022762189017681152770086906105460334031994868430116300456988305346251999720528365465346464653749648336434160177052468135359502493411358204007127789103203134709019275934472907902467639926621138421891212098704129417085245344135022602872337727440217733240102861946834337797257814817150519329 36556756138867425624785659087
3663439867151092849539413250603711529015843063191900140969670961100479056218166554128151661289582448130663559112211060492185827524175867972953143304880511907870132582086995975102215983854487637352345934145154091910725730119334047298585495667367468361163311449982222753756759398951476545775052253183945696911 58503998919994727888286794955977520077974092238931039392600671696040511545752145909210276726327650932588448297218485701320025758024215901445195794373233913942691696301829673663207962090039953139197800820954261227147441641517707337856587530562786225933882508508681371038495167809695860948625744937258779915731 9506213662970150160345045919
8891798508522271991267847743680620598665486002775849701146084930180567724791010653158310862660178942104554946142089120513625568275606129798290719770783774338267728454920120890915870940865717529488525726346289332700373207806362459305780398295371127709896255410806489475343391793537016753943967127042074219022 34050458865983318462592731975685060898738273347788727744980908006715282651849691699412199251770158944039721424613001371438282537888534458965688626084147279515802025412517697766621335530044054740762200838103632995270454123729269151759278194194830164551512635902924806104324173850384477888603769708653039390599 44791093916999135074687432201
12294170074702651486719002372593126575099591597839756161811899792758731910588707452019724792711525544214461026978162679405354414236421450517161184176223246941168182419621640809540128754887982109411854830079332259894592691978427428024804257846069973788716331008255447520795729692625241585845823494205742377555 56322271165400419083366200396262389302695664012040197406515986849496739470915652284951080041411602935461908401153351600733453159726434222101703410277308078049122200169156272783421660183781781214032945025881304983976130701377913559866310129480679416297288329993661220891506430275351611081078656435991097586909 2423433272363060289721956331
37982404252561494888549244255681329573927546499951114076309576740945852564070770694911891708246394357576308159999778673210641340690210973410906747688593694414348452736873332938333475348460993531730434821827649219074753315116366009948616977885824130049558123759294288187083038083888752965625456418012592267584 1999928374857147514444357170153292019619132025652095430591190132897200588941735787457113219069958525395788211490766485139923116303619508966413707419422336330426869823414366139612771681335632122569497401532835349680115341812322909502793932367061994211288236509477209706583549394128160722582512539700713719391 62546456064170419903412057813
12124833857755079887528708380895067242603859224245677271485872775697175648119544651573786729765518140351410620935090101693773589284086345651693206231285343302360246680777645978118961187093671344427969567601747718455114535696235462104007980286861069359297294536406881875785794702589425076888357572789236584846 6959312885421360051411324532875750463013277096288459883911364038380505829411888443321159943050737854100290444766124021463313260943686500815172505686857579605747374365860570688873294952393360143670457762178734749471945825442056094948777667769555257989894674110427127150582542865235529600645025744001872640610 62148069667866999159560857501
30705872589263714355030863535852529752087068625787630641884697660402349533043581153362623527412311793954919257056634805189291850193902172033587688584785087079951756571601389425395705131994283303164045868728050167346354672039912553673717970839864177050000012052583770985007827329905852431274076009127510331860 52997476463340142176890002773922101330378973361566997413841511222666103259852498301318386605090935314517195212281446988004927187948446773112143168733388542531777976788105650589099850033672567549410966139007680086779846652801072469694022158581713743324297741928151865267330485434886574171602936481541490811163 50234098501146704397883027577
11109610076543368650877685536990282514355132165928506320417356687669099843315829017163558067547948852500357999002151536950862206256966753962230864907647978631173786179866620084178708503037938095995222195594799807648246510428485170991512074821376242640531949472197942918886224841969297851379426073023697817311 73406088405287412993473632700126113625635768406687757047410672103236046175026512503498637981594244046343533496956414227652531369972276922624238871008900857189609885609575733864105368009542743381050607645505920549738428822869502156084569969804809717341417374294810159158412647252058616533913185773266338462646 52598848033067081825894521451
41050257617203842945221706011111931287969727697249571314728051941747675267643669922057357495886531174575520895631013110529364692875840745301000747282856472955708416239447342872626228947069171184978781160212572583601211506270378404782948143222947703782982961145747921988693028714001937379912359527625913060984 21177539634502211490405943795769483739545035513332816631728261997528094746428573651663870826156132824202054534672215411813881860398714726347794124674508650690426278905550565889388698516802907857665166105420671974930906157110773122599955666949545188586791472153342491165248914476354240519485884760289928589931 65945991296492674849478868481
42318130422141187752491013242240989178747400003916579212160709079469281036751145378401401223065838978281284221999478956952986758238751478205404806867331764818961613993820651660733790345216918007519823275904735248503278833314573640310474256328609394281868641179685243215963570685854475308280276746466462111364 59247784735430610345571201070659023962643972285248987524016409342918981270215731368752689833315738551145272019800813512699967057179596371434857438879951666531449410520488167149131135009236775901354302831709483168345306701305606238990447385107956212719160031282923683516004572509381171190933113923913161090388 40711501748109325541205813887
73966386595576498105201379062598180388262396182401214782443863885718046082437753908498202780130337424328713282348447162861667103896641081983594927844738908934036977041467843015292807043216315396274868502284931848090172536520313834042081846195307502596658185013794907065750183229990770870549438443919021735853 66239512782748747807649000006806964772834718262503516918690451730887089262527375491919612659096634813593757364214678088217151795360732962014247082696571660713502836956968701497337344358948333131168140458342517627219166587393566877601181318473965730790084510708016213628031674853143580999393798305409193916213 48993593349971354514605952787
62648265998126866957040656268076915291391208671725967935636031530727806064630742430778400298942717986979917567510176751499907645093954749230084888340742249569065902413557064561855083269444392339487794623460660610030887389855189646198762682291298508122899919489154761964957660340608827935600029926507374215855 74896563405512657361506025959656453992726500193642279451137392869209568553911873803491353272863598976371898686097989907311211784780607342722629679008182686663442152565198833730787060530149309809282502263549992290002905907273842571216004404154322858270830974731846366617247059509506883339922345269264517819488 40112237936372173365306692209
56915625848973430130743274538655637916867142434303068077260061301327462796910094608627897597658988007201930537217723435163318793251931087185607855812657453140026616376202720374231078441609318251277912812295634428040350822546745353156223437715038687820406583760097719028109160552342860134876150312842202694939 1956036132696563020788955728943207180982026107606197865200502712863681494337325430806798802974340754312714743002340147151093476069535151622067578371436659638728331123173219495116624157984872706785451520317957767174245460313412456148970062386385945457971823064721888180021027773122522195342730815983043077508 25547697910320861995050769947
47493040192252542843676737583120165721143357958362513822026417446971005872245933540449415867905326441364567621082191891795666829364427639924758737035444730631221919051043700068244013952364265760827964925803350991539705397764540266048848988925990146965021256102961707327790167235839862567840063563337672536218 71771689533214930845999602398486069656421577556560574875026552643657632792625193824600417192591437411186073901472997949908339677484888637738701048819401412892242736172507862793229717988144147176344514807159586884017582070821484042870705428548049958322921237057447903854095723834583082138125349008077462529196 58057700135347808292582083251
46110985533484221665477254934885466571841270347891860703921800372102976040556982620831013083341967654114330162802034886348744338470229615372575439373977538214652239815319525442713328833766978434055828967923832360950621780540111250314320463247345068344004754669429412356152621257881611182353321116447276689674 70648213451372876236246848353653357659002422065675698569211730518312893085838106479362140383287923104327131123416200335397215526813585077583104090874147471940874605661530350496547152163520233282046771875283763971408352224532469265995788583263905169795662192969740322662857118239731553437313059513729252554784 23518890120228301228008723593
75622785344065828729919120157054902209156040278326828227742317118253686299442759472207481595819880318230617399266874502206621621419502955276929993064608565922157377669555624700987519979960013904858017236796211553939709268650988256564287169769737673873751637661193841537149290364160601570901011119026758493291 23777273732919726157328403849068001062108790509491840122872449630554347606545723617454900239841116169389615358231412237081218785590546513305214686675163691348403906787897985746708847220958452719978349419081058072094591783136334422882908745176537291849492305545596217010775586440432905455542446946641919136632 31703718706989571029576118483
70106516958858182640640564050449768134046159749757008038128042337162913809278267515094763622825490505861014566049576636867810392224342153981512290510217264997431955901488921277033617091476904632352530632156907041861571574269001774449535948935208959796150778830828571001750044529054115744453932656484143335777 3408892345539397212980835210907778473019192476383852000977931953395459034767779657314117303488166895731530907211210919435668086648032220183545659718815770424245906926644477983522199339356201005499762892613185019431551418110080684755643991498499930774812977089032547215306698046658870896357798810954915031847 35764826935451930196808839971
14860306764171176960337778855008072088344778829520006792843153401109315146663103661943647155668342429582596800340013581156657910353413451297354374767727245949614597588340286299316261289164230732175348554610066810953681025838967358420744779986939117065259072489727112317801418891577992052948185103363618094226 11469055285573814988190668331109889862788182057807905202648323690125164079300396217518412025057240032380764523406064374629464381791389247212347738178216409392651488973027067926672248580033921102828882237367581529871485922650069227982584576154666707475628057993105037977054430347670199296144354665718546521260 44692968966044758499823373051
41062682105954793463729571680718021615062170217277119272234292792641572465043177415313793713922107005053606851823868542279409783276608617166407819616219708945725130281159837033261163633010402082599898490728065618886246006109256837333786861684554687549218689449377312455267882432627878935306940596146503601833 60128924835268810860838553326399948234470076667757365540104430421062624378122627847366327697512245997925373413981908244368369188083833153624619038617141164194316947633014795690152710524924465549648352661233636926440957286267916092789637476981237001410447960665430085122420469202250914160901819877914063302763 25677364789110121963856172193
65310242334506520768163816553756375249473205334448809761257561606321141634261467490757300523512566233856691621740202172735659152234604656038875769709723031335753225333651215185304960322022343033158436493205311424775451102530999710030083082617082341752914264086223440985241235647829554813723135511544576889722 12006382041992249807313854218221073782921788099614520191658758073851465275064123892067482738951920805429331261659581367804072862345728567887944885011317074655167396453392212805743492918858707400637903270010406247212468115996098648948680183344755577174813080685476356589588107636439989118451497633043388634370 30540354011921049923819279261
51461346585129789815865389706294308657013349790281347946285214214877970415773986740372274309853777804984355656490991664792807435374633215871995140776249221977681713219984327248813798356202218533596993689171941142738277444191745026189311057912927718998087664849667177875117898929749017234457998736008448166513 2433165875696351933830858438461262283406735081139631523325814820331567673882393430044122391283818461708007493741486216592015351924574747335954927989657204625940381763065412160791149083206262964967692753327342386797260796283611185703548816891083363005358648309224466593877940941976108536361424622161874385005 41900352475596292530904958329
4475027569428234367793939424567260336612828929140712814038974402095329543908709994808385505508197176690521504566510600535445483011674955450718569131018053391571355869018732238991042194086754461324250004454296817233469575275698164746572897077654071933645616060357379979053811593947667066739482597804401015862 50858457912339269288253437158926525669764771543126342837232973484219494487028047780252669288637349248115312077753949035355288810878515456054289991098376530964420732406554684393032991964596332191438926306769735289113413698111419050018959148449334938985136206244537122978395844835303726732566544392673204175593 19294508399308667049355261703
34704888368499885659580724193094067237841309962455856892303714508286877242415676796432402781476136728551106400189880180766601538348931365713499354702715261062045161053936779277408496032880851790881888412613899223954580669695131234482023721745947470822942368810720559507816785564856151845364602195996710521742 61554863401333910395960747580855217436854591629846470720255349488373181923278899482037027248695169110461183371538291310834892154705511045923421562302367242352211231553576822521434203170370764895267459911668616929276694815461681191419558300463632916383310728270504654606038542850420368002365932573731843129767 40150420112590923287853239629
75074782758280409530909301320950889274202179341355902274954747612249752482141999837327381628290812717210973567288364435089168395765544782182433418067151267915893066123684868660185263748805923544522182221103196605719090990857497110623337030214089017120068665508621360856390156893946547404751343353629549910720 20611679712569543577828619722514755134280047599761448905083822658434616590117629849587686186697520016758718312934963710724980578107292713583370903805079232697191817970823153544449380438002337854917303406991446717606812977641961010920004729651138039815671660398274891407866029486014329044147427488697708599140 48893162409723253925818434103
